The best route for dj38 is:
[4, 6, 3, 5, 7, 12, 8, 2, 1, 0, 19, 22, 21, 16, 10, 15, 17, 9, 20, 13, 25, 24, 14, 11, 18, 23, 29, 28, 31, 34, 37, 36, 32, 33, 26, 30, 35, 27]


The best route for berlin52 is:
[43, 45, 3, 37, 4, 23, 14, 5, 42, 44, 18, 40, 7, 8, 9, 32, 35, 31, 0, 29, 6, 1, 41, 20, 16, 2, 30, 17, 22, 21, 19, 15, 49, 28, 47, 33, 48, 34, 36, 38, 39, 24, 27, 46, 25, 26, 12, 13, 51, 10, 50, 11]


The best route for ch130 is:
[44, 4, 10, 0, 53, 33, 26, 99, 28, 94, 78, 115, 23, 14, 18, 42, 106, 103, 16, 30, 40, 38, 70, 79, 92, 21, 46, 39, 43, 3, 37, 91, 98, 74, 51, 55, 8, 56, 110, 122, 100, 81, 64, 11, 86, 93, 88, 109, 24, 97, 67, 62, 47, 83, 112, 35, 31, 118, 76, 80, 102, 73, 72, 71, 90, 52, 119, 105, 57, 48, 59, 50, 41, 22, 12, 54, 101, 5, 66, 13, 9, 95, 121, 36, 20, 2, 7, 107, 120, 77, 65, 84, 124, 89, 58, 29, 17, 82, 113, 125, 32, 45, 19, 117, 34, 49, 1, 129, 116, 104, 61, 111, 15, 127, 114, 27, 75, 108, 128, 60, 123, 63, 68, 87, 85, 25, 6, 69, 96, 126]


The best route for d198 is:
[187, 184, 193, 125, 168, 124, 130, 123, 129, 132, 131, 133, 140, 143, 144, 149, 146, 137, 159, 160, 148, 147, 161, 152, 151, 145, 142, 141, 139, 134, 135, 136, 171, 150, 138, 158, 157, 156, 155, 154, 115, 114, 113, 91, 104, 103, 102, 101, 92, 37, 28, 27, 23, 26, 25, 24, 20, 19, 18, 17, 22, 21, 33, 32, 29, 35, 31, 36, 53, 44, 50, 51, 63, 77, 76, 49, 48, 62, 47, 75, 34, 38, 58, 69, 66, 72, 86, 98, 83, 42, 41, 57, 56, 55, 71, 85, 99, 67, 68, 70, 84, 59, 43, 54, 60, 65, 73, 82, 97, 88, 74, 81, 87, 96, 89, 95, 80, 64, 61, 46, 52, 45, 9, 7, 8, 10, 11, 12, 30, 40, 13, 14, 16, 0, 3, 4, 5, 6, 1, 2, 15, 39, 93, 94, 100, 78, 79, 90, 105, 112, 166, 167, 107, 110, 108, 109, 106, 111, 121, 120, 118, 119, 116, 117, 122, 153, 162, 163, 164, 165, 128, 126, 169, 127, 170, 197, 196, 195, 194, 178, 179, 183, 177, 172, 175, 173, 174, 176, 181, 180, 182, 188, 189, 190, 191, 186, 185, 192]


The best route for pr1002 is:
[372, 370, 373, 640, 649, 644, 619, 622, 646, 661, 655, 657, 647, 654, 659, 656, 660, 641, 621, 617, 623, 616, 636, 634, 620, 653, 618, 650, 648, 639, 652, 645, 643, 364, 361, 359, 360, 342, 343, 335, 334, 288, 47, 324, 317, 332, 314, 318, 311, 39, 41, 48, 49, 55, 57, 50, 56, 58, 52, 38, 35, 40, 65, 71, 72, 69, 0, 4, 3, 5, 2, 1, 70, 53, 66, 54, 68, 67, 34, 33, 60, 36, 59, 64, 80, 51, 37, 312, 42, 306, 328, 326, 289, 291, 290, 294, 45, 46, 307, 327, 325, 323, 316, 43, 313, 320, 310, 44, 322, 321, 315, 31, 27, 28, 26, 29, 24, 32, 19, 30, 15, 6, 7, 8, 20, 12, 14, 23, 22, 25, 61, 13, 9, 63, 11, 10, 62, 21, 16, 18, 17, 329, 331, 333, 309, 308, 319, 330, 293, 292, 295, 97, 83, 82, 85, 98, 95, 78, 87, 73, 74, 76, 137, 135, 75, 93, 88, 77, 79, 81, 92, 133, 136, 134, 90, 91, 89, 96, 109, 303, 110, 300, 299, 285, 296, 990, 302, 305, 112, 301, 282, 276, 284, 283, 280, 281, 297, 304, 287, 286, 298, 279, 277, 278, 275, 274, 128, 126, 118, 117, 256, 253, 255, 144, 130, 146, 142, 147, 145, 148, 138, 140, 139, 141, 150, 143, 152, 153, 156, 182, 995, 172, 170, 175, 174, 177, 179, 180, 181, 178, 176, 169, 162, 183, 184, 171, 166, 160, 157, 158, 161, 165, 159, 173, 168, 167, 164, 155, 163, 154, 151, 994, 149, 254, 124, 125, 120, 119, 115, 116, 129, 121, 122, 123, 101, 100, 131, 113, 106, 107, 108, 111, 114, 993, 103, 102, 127, 104, 105, 99, 94, 132, 84, 86, 337, 349, 346, 351, 344, 389, 391, 358, 350, 348, 336, 340, 341, 339, 338, 345, 356, 357, 354, 347, 353, 355, 726, 725, 724, 728, 729, 736, 735, 713, 704, 705, 696, 967, 701, 964, 966, 703, 702, 690, 969, 691, 985, 980, 976, 978, 977, 973, 972, 986, 975, 981, 970, 692, 700, 693, 987, 989, 988, 983, 971, 965, 968, 982, 984, 979, 974, 698, 699, 697, 714, 715, 716, 727, 723, 722, 706, 707, 708, 710, 712, 709, 739, 765, 764, 769, 937, 938, 992, 954, 955, 942, 940, 952, 939, 953, 951, 944, 945, 947, 946, 949, 943, 941, 950, 948, 962, 963, 554, 557, 594, 589, 592, 593, 599, 573, 558, 578, 580, 582, 581, 471, 477, 470, 997, 481, 492, 485, 488, 511, 998, 486, 494, 490, 483, 495, 496, 493, 510, 498, 499, 505, 508, 497, 500, 512, 509, 504, 501, 503, 502, 507, 506, 491, 484, 487, 489, 482, 469, 475, 476, 478, 479, 480, 467, 468, 466, 474, 473, 472, 453, 583, 584, 597, 572, 576, 559, 555, 556, 553, 574, 577, 579, 571, 570, 552, 819, 823, 820, 811, 810, 817, 837, 836, 813, 831, 832, 814, 840, 839, 829, 826, 822, 825, 830, 834, 833, 828, 835, 1001, 851, 867, 865, 864, 891, 876, 847, 871, 868, 888, 875, 873, 877, 870, 878, 861, 859, 856, 855, 874, 893, 889, 846, 896, 895, 866, 853, 852, 860, 858, 869, 879, 927, 880, 881, 921, 899, 920, 901, 917, 916, 915, 907, 898, 905, 929, 928, 900, 904, 903, 902, 906, 887, 886, 925, 884, 885, 882, 883, 908, 913, 914, 924, 923, 922, 919, 918, 926, 872, 894, 844, 848, 892, 843, 862, 842, 854, 845, 890, 863, 897, 841, 850, 849, 857, 838, 827, 816, 812, 815, 818, 821, 824, 565, 517, 545, 529, 515, 567, 560, 540, 539, 523, 533, 527, 231, 271, 272, 273, 259, 250, 249, 247, 264, 225, 270, 266, 267, 228, 242, 246, 260, 230, 245, 263, 229, 227, 226, 248, 251, 243, 244, 261, 262, 257, 252, 258, 269, 268, 265, 224, 214, 223, 192, 206, 202, 194, 188, 233, 239, 241, 240, 219, 222, 234, 218, 232, 220, 235, 238, 197, 200, 204, 187, 195, 193, 198, 203, 199, 191, 221, 211, 216, 186, 212, 213, 217, 236, 189, 208, 190, 185, 205, 201, 196, 237, 209, 215, 210, 207, 514, 513, 568, 537, 569, 564, 541, 549, 566, 516, 518, 563, 562, 550, 546, 522, 521, 561, 548, 532, 536, 534, 543, 542, 544, 538, 547, 525, 528, 524, 535, 520, 519, 530, 526, 531, 551, 595, 575, 587, 585, 586, 596, 591, 590, 588, 449, 437, 633, 438, 629, 443, 445, 439, 440, 450, 442, 630, 441, 631, 628, 606, 607, 610, 626, 604, 613, 612, 444, 446, 609, 624, 632, 991, 625, 603, 611, 627, 447, 460, 432, 454, 431, 455, 451, 457, 428, 402, 406, 413, 404, 422, 464, 459, 461, 425, 420, 405, 421, 465, 418, 463, 416, 424, 415, 414, 409, 434, 436, 452, 430, 429, 435, 412, 996, 456, 462, 423, 426, 403, 458, 427, 419, 417, 448, 433, 615, 614, 608, 605, 602, 598, 601, 600, 961, 960, 777, 933, 935, 958, 773, 932, 936, 770, 771, 760, 768, 759, 774, 931, 930, 934, 772, 767, 761, 780, 758, 790, 757, 751, 733, 737, 730, 734, 743, 741, 746, 732, 752, 750, 748, 745, 747, 789, 791, 792, 793, 785, 787, 749, 756, 753, 754, 731, 744, 742, 740, 783, 784, 755, 788, 782, 778, 779, 999, 775, 776, 912, 909, 786, 800, 799, 802, 803, 794, 807, 808, 809, 1000, 805, 804, 798, 801, 806, 797, 796, 795, 781, 910, 911, 762, 763, 959, 957, 956, 684, 685, 681, 672, 718, 663, 662, 664, 668, 669, 667, 666, 687, 680, 673, 677, 674, 676, 686, 688, 670, 671, 665, 678, 679, 675, 682, 683, 719, 717, 689, 766, 694, 738, 695, 720, 711, 721, 352, 390, 362, 363, 371, 635, 642, 651, 658, 638, 374, 375, 637, 411, 407, 401, 408, 378, 365, 367, 368, 366, 377, 393, 410, 392, 386, 382, 384, 379, 376, 387, 385, 396, 397, 395, 383, 381, 399, 394, 400, 398, 388, 380, 369]


