The best route for dj38 is:
[25, 28, 31, 29, 34, 24, 21, 10, 14, 19, 4, 11, 15, 16, 7, 8, 13, 9, 20, 22, 23, 30, 35, 33, 26, 18, 17, 6, 3, 1, 5, 0, 2, 12, 27, 32, 37, 36]


The best route for berlin52 is:
[24, 22, 43, 36, 7, 8, 47, 11, 10, 51, 26, 12, 50, 27, 13, 17, 18, 44, 38, 39, 37, 33, 0, 25, 46, 23, 5, 35, 30, 19, 49, 6, 1, 29, 40, 2, 21, 4, 14, 48, 9, 32, 42, 3, 31, 16, 20, 41, 45, 34, 15, 28]


The best route for ch130 is:
[115, 102, 30, 79, 105, 21, 8, 91, 5, 9, 114, 15, 48, 34, 26, 28, 97, 47, 42, 108, 106, 22, 54, 58, 120, 82, 59, 65, 89, 128, 123, 85, 18, 78, 81, 86, 98, 76, 112, 64, 125, 40, 10, 6, 17, 68, 4, 31, 100, 122, 103, 14, 74, 51, 110, 73, 27, 111, 121, 32, 13, 113, 92, 2, 129, 0, 96, 38, 29, 67, 69, 24, 35, 62, 33, 88, 116, 104, 39, 50, 20, 93, 11, 118, 43, 77, 70, 66, 83, 109, 87, 25, 44, 63, 49, 127, 61, 60, 56, 90, 55, 16, 117, 36, 52, 23, 101, 7, 124, 84, 95, 45, 1, 99, 71, 19, 37, 107, 46, 41, 75, 53, 126, 57, 119, 3, 12, 72, 94, 80]


The best route for d198 is:
[22, 106, 156, 182, 172, 69, 34, 186, 191, 105, 135, 137, 116, 88, 98, 99, 184, 171, 76, 38, 15, 23, 121, 158, 161, 115, 107, 28, 32, 62, 110, 83, 4, 2, 46, 160, 0, 92, 27, 86, 16, 74, 114, 155, 166, 12, 14, 6, 81, 7, 170, 125, 77, 45, 63, 75, 29, 19, 33, 61, 84, 87, 168, 143, 163, 41, 72, 190, 197, 196, 179, 194, 195, 91, 165, 102, 1, 30, 24, 78, 131, 145, 176, 185, 50, 18, 36, 70, 56, 97, 157, 117, 51, 94, 120, 108, 95, 59, 96, 49, 146, 40, 42, 10, 193, 192, 149, 123, 39, 140, 53, 3, 89, 13, 79, 124, 189, 180, 126, 133, 37, 5, 118, 90, 71, 128, 17, 26, 52, 139, 93, 103, 54, 55, 183, 175, 150, 112, 134, 35, 8, 100, 127, 132, 164, 167, 187, 188, 44, 136, 11, 20, 9, 60, 141, 130, 147, 148, 153, 129, 58, 152, 169, 122, 154, 119, 82, 73, 113, 138, 151, 21, 65, 57, 162, 25, 31, 101, 64, 80, 68, 142, 144, 109, 104, 67, 48, 111, 173, 174, 178, 159, 47, 177, 181, 85, 66, 43]


The best route for pr1002 is:
[32, 54, 206, 464, 584, 137, 855, 783, 704, 43, 279, 59, 168, 930, 754, 142, 842, 432, 237, 301, 496, 454, 49, 500, 900, 152, 612, 777, 544, 517, 727, 228, 77, 66, 7, 813, 688, 710, 114, 574, 861, 48, 495, 874, 175, 41, 83, 95, 267, 738, 247, 61, 662, 513, 554, 839, 962, 287, 297, 974, 80, 691, 617, 904, 920, 621, 850, 589, 185, 79, 36, 745, 815, 155, 726, 211, 27, 35, 457, 664, 607, 667, 205, 622, 417, 91, 953, 891, 690, 227, 352, 812, 249, 160, 973, 758, 130, 826, 341, 568, 299, 313, 894, 245, 651, 921, 637, 650, 640, 184, 394, 381, 161, 735, 699, 875, 195, 563, 570, 268, 430, 737, 744, 785, 547, 823, 153, 213, 149, 374, 724, 539, 392, 693, 357, 840, 592, 109, 791, 811, 64, 39, 311, 31, 955, 548, 368, 768, 985, 439, 406, 444, 503, 86, 765, 965, 627, 50, 848, 760, 782, 499, 917, 970, 773, 481, 886, 892, 448, 526, 280, 757, 883, 841, 759, 611, 371, 655, 55, 586, 399, 315, 377, 174, 927, 860, 197, 718, 712, 493, 736, 467, 590, 167, 298, 423, 391, 661, 541, 646, 310, 369, 445, 171, 599, 677, 351, 145, 376, 447, 645, 204, 665, 946, 575, 671, 713, 60, 572, 515, 17, 278, 178, 854, 511, 961, 751, 437, 816, 805, 468, 928, 360, 604, 606, 189, 958, 540, 623, 626, 512, 743, 959, 491, 143, 576, 257, 122, 126, 347, 108, 387, 363, 658, 990, 112, 97, 520, 147, 529, 551, 792, 294, 70, 277, 807, 440, 797, 89, 92, 822, 784, 859, 802, 219, 71, 411, 264, 986, 697, 435, 624, 250, 582, 687, 890, 916, 877, 402, 466, 366, 956, 472, 456, 469, 10, 11, 94, 404, 291, 924, 505, 166, 846, 148, 321, 370, 869, 940, 159, 550, 223, 129, 221, 984, 322, 88, 674, 390, 336, 451, 573, 746, 638, 113, 56, 733, 730, 146, 683, 657, 887, 533, 216, 902, 388, 771, 25, 605, 401, 893, 111, 173, 327, 33, 899, 100, 239, 960, 409, 628, 254, 932, 934, 52, 255, 864, 898, 385, 326, 907, 836, 851, 552, 272, 901, 795, 235, 183, 919, 643, 762, 725, 510, 258, 62, 103, 75, 324, 98, 19, 742, 723, 276, 610, 354, 68, 74, 641, 67, 806, 259, 415, 700, 832, 635, 340, 601, 818, 909, 549, 8, 270, 275, 44, 897, 933, 135, 365, 434, 317, 881, 546, 798, 866, 800, 256, 165, 537, 236, 405, 318, 450, 140, 748, 714, 937, 728, 13, 980, 708, 761, 530, 483, 830, 90, 283, 106, 825, 685, 914, 489, 858, 885, 348, 579, 528, 543, 536, 696, 692, 793, 295, 731, 868, 566, 199, 248, 16, 755, 963, 847, 810, 453, 222, 302, 201, 947, 465, 289, 14, 799, 717, 903, 164, 766, 827, 290, 564, 118, 226, 966, 614, 912, 477, 625, 224, 764, 358, 769, 857, 997, 194, 711, 452, 400, 951, 749, 345, 312, 18, 459, 796, 616, 884, 707, 1000, 998, 519, 53, 208, 678, 591, 721, 525, 359, 51, 555, 120, 992, 971, 123, 545, 844, 355, 567, 918, 593, 333, 952, 162, 686, 618, 306, 420, 767, 896, 144, 788, 240, 338, 982, 978, 274, 28, 428, 895, 770, 372, 330, 30, 871, 117, 187, 461, 609, 271, 542, 207, 203, 12, 252, 878, 282, 328, 353, 300, 987, 775, 305, 656, 82, 230, 229, 747, 780, 889, 307, 906, 273, 47, 538, 424, 484, 412, 494, 139, 557, 910, 957, 514, 441, 972, 938, 215, 979, 905, 501, 24, 680, 192, 532, 608, 763, 534, 750, 535, 443, 774, 922, 262, 808, 188, 668, 834, 772, 964, 319, 364, 46, 214, 136, 429, 732, 482, 562, 84, 560, 824, 702, 485, 786, 421, 342, 425, 99, 124, 407, 829, 63, 232, 21, 740, 516, 414, 125, 225, 233, 158, 476, 778, 502, 853, 335, 703, 0, 373, 9, 380, 375, 652, 78, 413, 2, 716, 814, 527, 198, 926, 644, 4, 648, 694, 115, 163, 128, 217, 196, 913, 343, 332, 408, 191, 110, 350, 138, 397, 314, 246, 76, 266, 880, 141, 102, 993, 654, 695, 234, 908, 565, 296, 65, 999, 949, 119, 303, 666, 506, 636, 5, 663, 446, 127, 378, 682, 817, 794, 518, 856, 422, 398, 190, 647, 649, 929, 715, 309, 383, 967, 288, 944, 954, 870, 801, 220, 876, 498, 72, 260, 991, 701, 679, 600, 631, 508, 587, 478, 69, 105, 756, 73, 790, 87, 583, 672, 427, 942, 93, 38, 331, 787, 915, 602, 253, 133, 653, 486, 473, 180, 995, 431, 975, 474, 709, 838, 157, 1, 660, 872, 403, 179, 460, 121, 581, 828, 177, 705, 40, 558, 45, 809, 172, 85, 577, 931, 349, 346, 988, 475, 265, 356, 316, 613, 169, 292, 865, 22, 132, 603, 42, 393, 659, 752, 804, 571, 218, 524, 193, 676, 23, 29, 925, 531, 879, 939, 831, 458, 200, 968, 479, 389, 323, 154, 337, 1001, 553, 720, 320, 843, 329, 480, 34, 325, 632, 436, 781, 845, 936, 210, 675, 386, 395, 739, 598, 176, 186, 101, 308, 523, 507, 243, 923, 334, 261, 416, 945, 669, 776, 698, 202, 833, 969, 442, 382, 3, 96, 673, 619, 820, 488, 384, 490, 588, 615, 521, 911, 595, 367, 362, 862, 281, 269, 181, 231, 729, 104, 286, 344, 470, 977, 629, 989, 596, 994, 58, 719, 634, 561, 642, 244, 284, 419, 433, 706, 620, 734, 722, 522, 594, 426, 150, 639, 497, 212, 559, 37, 410, 15, 941, 837, 863, 867, 182, 779, 438, 293, 449, 304, 487, 379, 789, 585, 681, 888, 251, 849, 57, 26, 578, 819, 996, 116, 504, 630, 569, 633, 580, 882, 396, 131, 670, 471, 981, 873, 462, 170, 935, 81, 285, 597, 134, 948, 556, 20, 943, 361, 821, 241, 242, 6, 463, 753, 835, 950, 209, 156, 509, 852, 689, 151, 418, 803, 455, 238, 983, 263, 107, 339, 684, 492, 976, 741]


