The best route for dj38 is:
[21, 19, 22, 24, 25, 20, 13, 9, 0, 1, 3, 2, 4, 5, 6, 7, 8, 11, 10, 18, 17, 16, 15, 12, 14, 23, 29, 28, 31, 34, 36, 37, 32, 33, 35, 30, 26, 27]


The best route for berlin52 is:
[48, 0, 43, 15, 45, 33, 34, 35, 38, 39, 36, 37, 47, 23, 4, 14, 5, 24, 27, 26, 25, 46, 12, 13, 51, 10, 50, 11, 3, 42, 32, 9, 8, 7, 40, 18, 44, 31, 22, 19, 49, 28, 29, 1, 6, 41, 20, 16, 2, 17, 30, 21]


The best route for ch130 is:
[69, 96, 6, 25, 87, 85, 68, 63, 123, 60, 75, 0, 1, 129, 49, 79, 117, 19, 45, 17, 2, 113, 82, 125, 120, 77, 65, 84, 124, 89, 58, 29, 107, 7, 20, 21, 36, 46, 39, 43, 41, 50, 59, 57, 48, 71, 90, 98, 55, 73, 74, 51, 8, 56, 81, 100, 122, 110, 76, 102, 80, 86, 11, 64, 72, 91, 37, 105, 52, 119, 5, 101, 54, 121, 13, 9, 66, 12, 95, 22, 32, 92, 3, 34, 53, 40, 70, 38, 116, 111, 114, 27, 61, 104, 127, 15, 44, 4, 10, 108, 128, 126, 103, 42, 18, 26, 33, 16, 30, 99, 14, 23, 115, 78, 94, 28, 88, 93, 118, 83, 35, 31, 112, 109, 97, 24, 47, 67, 62, 106]


The best route for d198 is:
[127, 169, 132, 134, 135, 140, 145, 144, 143, 188, 187, 191, 186, 195, 196, 197, 194, 178, 193, 177, 174, 173, 172, 175, 181, 182, 180, 176, 179, 183, 184, 185, 192, 190, 189, 150, 165, 162, 163, 164, 149, 148, 151, 161, 160, 159, 152, 147, 146, 141, 142, 158, 138, 120, 122, 119, 109, 108, 107, 167, 166, 106, 63, 62, 48, 47, 49, 34, 74, 89, 88, 96, 97, 87, 82, 73, 61, 65, 59, 69, 71, 68, 70, 84, 85, 99, 98, 86, 83, 72, 66, 67, 58, 57, 56, 41, 42, 55, 43, 54, 60, 53, 44, 52, 33, 38, 35, 36, 37, 30, 31, 29, 28, 16, 13, 14, 40, 9, 7, 8, 10, 11, 12, 39, 3, 4, 5, 6, 1, 2, 0, 15, 27, 22, 19, 18, 17, 21, 23, 20, 24, 25, 26, 32, 45, 46, 51, 64, 81, 50, 75, 93, 80, 95, 94, 100, 101, 92, 76, 77, 91, 104, 103, 102, 90, 79, 78, 105, 113, 112, 111, 110, 118, 117, 116, 115, 114, 121, 153, 154, 155, 156, 157, 139, 137, 133, 131, 130, 129, 124, 125, 168, 123, 126, 128, 136, 170, 171]


The best route for pr1002 is:
[234, 235, 236, 237, 238, 239, 241, 240, 185, 186, 187, 194, 181, 995, 180, 179, 178, 177, 176, 175, 174, 173, 172, 169, 170, 242, 250, 251, 249, 248, 258, 252, 994, 148, 149, 150, 151, 141, 140, 139, 138, 144, 145, 146, 147, 143, 142, 253, 254, 255, 120, 256, 257, 247, 246, 244, 262, 263, 264, 265, 266, 493, 496, 495, 494, 490, 489, 488, 487, 499, 498, 497, 500, 501, 502, 503, 504, 505, 506, 507, 508, 998, 509, 510, 511, 486, 512, 485, 484, 483, 491, 482, 481, 478, 480, 997, 477, 476, 472, 473, 474, 475, 471, 470, 469, 479, 492, 267, 286, 287, 296, 990, 300, 301, 302, 303, 112, 110, 109, 111, 113, 114, 117, 115, 116, 119, 121, 122, 125, 126, 124, 123, 103, 102, 993, 104, 105, 118, 106, 107, 108, 305, 304, 297, 299, 298, 282, 281, 279, 278, 277, 276, 280, 283, 284, 285, 268, 288, 295, 294, 319, 318, 315, 314, 313, 329, 328, 326, 327, 333, 332, 331, 330, 324, 325, 323, 322, 316, 317, 312, 311, 44, 43, 42, 41, 82, 83, 84, 85, 90, 98, 97, 96, 95, 137, 132, 99, 100, 101, 127, 128, 129, 130, 131, 136, 94, 133, 134, 135, 75, 76, 92, 93, 91, 89, 86, 88, 87, 81, 77, 78, 74, 73, 79, 80, 40, 39, 49, 50, 57, 58, 59, 60, 64, 63, 62, 61, 32, 33, 34, 35, 36, 37, 38, 51, 52, 56, 54, 55, 66, 65, 6, 7, 8, 9, 13, 20, 17, 18, 19, 25, 26, 27, 28, 29, 30, 31, 23, 24, 22, 21, 16, 14, 15, 12, 10, 11, 67, 68, 69, 0, 1, 2, 5, 3, 4, 70, 72, 71, 53, 48, 47, 46, 45, 306, 307, 308, 309, 310, 320, 321, 293, 292, 291, 380, 379, 378, 368, 369, 370, 371, 640, 730, 731, 790, 789, 788, 755, 756, 757, 759, 782, 780, 779, 778, 781, 776, 912, 913, 914, 908, 909, 910, 911, 777, 775, 772, 774, 760, 761, 773, 771, 770, 769, 767, 768, 961, 960, 992, 952, 953, 955, 954, 941, 940, 939, 936, 932, 933, 934, 935, 937, 938, 956, 957, 958, 959, 766, 765, 764, 763, 762, 999, 758, 783, 784, 785, 786, 787, 792, 793, 791, 750, 751, 752, 754, 753, 749, 748, 732, 745, 747, 746, 742, 744, 743, 741, 949, 948, 947, 946, 945, 944, 943, 942, 928, 931, 930, 810, 809, 806, 807, 797, 798, 799, 800, 801, 802, 803, 804, 805, 1000, 808, 820, 554, 555, 556, 592, 593, 594, 595, 596, 598, 601, 602, 603, 794, 795, 796, 600, 599, 597, 587, 575, 576, 580, 579, 578, 577, 574, 588, 589, 573, 572, 571, 570, 567, 566, 565, 564, 548, 561, 562, 560, 552, 551, 550, 549, 547, 541, 542, 543, 540, 538, 539, 544, 546, 545, 563, 518, 517, 519, 520, 516, 515, 521, 523, 524, 525, 526, 527, 535, 536, 537, 534, 532, 533, 531, 530, 528, 529, 522, 514, 513, 568, 569, 590, 591, 558, 559, 557, 553, 821, 824, 823, 822, 818, 817, 816, 815, 827, 839, 838, 837, 836, 835, 834, 833, 832, 831, 830, 829, 828, 825, 826, 814, 840, 841, 896, 897, 895, 893, 892, 891, 846, 845, 894, 843, 844, 847, 848, 849, 851, 852, 856, 853, 854, 855, 863, 864, 865, 862, 860, 861, 859, 858, 1001, 857, 850, 842, 813, 812, 811, 819, 929, 925, 926, 924, 923, 922, 884, 883, 882, 881, 878, 880, 879, 869, 870, 871, 868, 866, 867, 872, 873, 874, 875, 876, 889, 890, 888, 877, 885, 887, 886, 918, 919, 920, 921, 917, 902, 903, 904, 905, 907, 906, 898, 899, 900, 901, 916, 915, 927, 951, 950, 740, 739, 690, 686, 685, 987, 683, 691, 692, 969, 970, 971, 980, 981, 979, 978, 982, 983, 984, 985, 986, 989, 988, 684, 682, 681, 675, 674, 673, 670, 669, 665, 664, 663, 662, 667, 666, 668, 671, 676, 672, 677, 678, 680, 679, 687, 718, 719, 716, 715, 694, 697, 693, 696, 704, 703, 702, 701, 962, 963, 964, 965, 966, 972, 976, 977, 975, 973, 974, 968, 967, 700, 699, 698, 695, 705, 706, 713, 712, 708, 707, 709, 710, 711, 723, 724, 725, 726, 728, 727, 722, 721, 714, 720, 717, 688, 689, 738, 737, 733, 734, 736, 735, 638, 639, 644, 645, 646, 647, 650, 649, 648, 621, 620, 619, 618, 617, 616, 623, 622, 635, 634, 636, 637, 729, 372, 373, 374, 460, 424, 421, 425, 426, 404, 419, 417, 416, 414, 413, 412, 411, 410, 415, 405, 406, 409, 408, 407, 401, 402, 403, 418, 420, 423, 422, 461, 462, 463, 465, 464, 459, 458, 457, 456, 431, 432, 433, 445, 446, 444, 443, 442, 441, 630, 629, 606, 605, 607, 604, 608, 609, 611, 612, 613, 614, 615, 627, 625, 991, 633, 632, 624, 626, 610, 628, 631, 438, 440, 439, 437, 436, 435, 434, 996, 453, 454, 452, 451, 450, 449, 447, 448, 584, 585, 586, 581, 582, 583, 430, 455, 429, 428, 427, 375, 376, 377, 367, 366, 365, 641, 642, 643, 652, 653, 651, 654, 655, 656, 657, 658, 661, 660, 659, 355, 354, 356, 363, 364, 362, 339, 336, 335, 334, 397, 396, 395, 399, 398, 400, 381, 384, 382, 383, 394, 393, 386, 392, 385, 388, 389, 391, 390, 338, 337, 341, 340, 342, 343, 344, 349, 348, 345, 346, 347, 353, 357, 358, 352, 350, 351, 359, 360, 387, 361, 290, 289, 270, 273, 274, 275, 466, 467, 468, 272, 271, 269, 259, 260, 261, 245, 243, 158, 159, 160, 162, 166, 167, 168, 165, 164, 152, 153, 154, 156, 163, 155, 161, 157, 184, 171, 183, 182, 195, 201, 200, 202, 203, 205, 204, 206, 209, 208, 207, 199, 198, 197, 196, 193, 188, 192, 191, 189, 190, 217, 218, 214, 213, 212, 210, 211, 216, 215, 219, 220, 233, 221, 222, 223, 224, 225, 226, 227, 228, 230, 229, 231, 232]


