The best route for dj38 is:
[32, 37, 36, 34, 31, 29, 28, 20, 13, 9, 0, 1, 3, 2, 4, 5, 6, 7, 8, 11, 10, 18, 17, 16, 15, 12, 14, 19, 22, 25, 24, 21, 23, 27, 26, 30, 35, 33]


The best route for berlin52 is:
[22, 30, 17, 21, 0, 31, 48, 35, 34, 33, 38, 39, 36, 43, 15, 45, 47, 23, 37, 4, 14, 5, 3, 24, 11, 27, 25, 46, 26, 12, 13, 51, 10, 50, 32, 42, 9, 8, 7, 40, 18, 44, 2, 16, 20, 41, 6, 1, 29, 28, 49, 19]


The best route for ch130 is:
[89, 80, 28, 24, 94, 78, 115, 99, 18, 19, 33, 16, 30, 36, 88, 93, 9, 83, 35, 108, 42, 109, 97, 20, 47, 101, 100, 112, 104, 126, 106, 69, 6, 96, 25, 87, 102, 68, 63, 123, 128, 60, 31, 2, 79, 4, 44, 15, 127, 103, 61, 111, 38, 70, 40, 0, 129, 49, 1, 53, 34, 117, 10, 45, 41, 74, 92, 14, 21, 46, 39, 22, 32, 90, 7, 107, 29, 12, 85, 124, 84, 65, 27, 114, 116, 82, 75, 113, 125, 120, 77, 58, 66, 95, 118, 13, 121, 86, 67, 5, 119, 52, 59, 50, 17, 43, 3, 51, 57, 48, 91, 37, 54, 11, 105, 26, 73, 98, 23, 71, 72, 64, 55, 8, 56, 81, 62, 122, 110, 76]


The best route for d198 is:
[95, 88, 101, 121, 114, 71, 112, 113, 102, 103, 93, 62, 69, 99, 85, 155, 58, 87, 83, 75, 76, 92, 123, 129, 100, 80, 96, 67, 159, 64, 192, 97, 89, 15, 70, 57, 56, 68, 40, 12, 11, 136, 10, 9, 7, 5, 1, 6, 0, 3, 2, 4, 39, 14, 17, 22, 18, 21, 77, 182, 74, 43, 127, 41, 55, 65, 36, 31, 25, 49, 60, 47, 184, 45, 115, 66, 59, 42, 98, 86, 48, 73, 61, 30, 37, 44, 35, 28, 29, 27, 16, 13, 109, 146, 26, 128, 50, 38, 23, 20, 24, 33, 32, 52, 144, 105, 119, 116, 118, 117, 82, 110, 107, 167, 166, 108, 106, 122, 138, 84, 154, 164, 156, 157, 158, 19, 171, 188, 189, 190, 186, 185, 134, 81, 195, 194, 196, 197, 193, 178, 34, 176, 177, 179, 173, 172, 175, 174, 180, 53, 183, 187, 181, 170, 169, 126, 147, 151, 72, 124, 139, 148, 125, 142, 140, 130, 191, 145, 132, 152, 161, 160, 149, 143, 135, 111, 133, 131, 78, 94, 168, 54, 51, 8, 162, 163, 153, 165, 150, 141, 137, 120, 104, 91, 63, 79, 90, 46]


The best route for pr1002 is:
[469, 350, 142, 993, 10, 826, 566, 829, 534, 30, 49, 616, 270, 233, 542, 823, 487, 833, 511, 836, 673, 668, 972, 777, 490, 746, 283, 155, 187, 217, 267, 334, 635, 515, 398, 204, 229, 568, 795, 452, 865, 193, 456, 750, 351, 347, 840, 466, 866, 436, 148, 394, 735, 744, 118, 163, 151, 304, 933, 227, 441, 53, 55, 651, 524, 269, 655, 745, 62, 658, 271, 835, 726, 400, 799, 322, 199, 45, 213, 928, 391, 720, 374, 83, 507, 764, 792, 694, 907, 530, 725, 599, 419, 345, 516, 558, 421, 37, 71, 333, 387, 263, 29, 628, 767, 74, 241, 203, 165, 64, 381, 94, 884, 905, 596, 852, 857, 686, 895, 407, 563, 687, 985, 945, 234, 722, 601, 914, 606, 284, 318, 383, 289, 468, 509, 766, 8, 379, 435, 492, 678, 786, 941, 876, 875, 503, 143, 232, 925, 277, 615, 681, 201, 629, 934, 326, 761, 880, 302, 983, 718, 975, 110, 79, 265, 664, 892, 978, 920, 508, 1000, 488, 576, 535, 526, 592, 549, 627, 480, 600, 327, 68, 123, 252, 38, 625, 506, 504, 648, 543, 814, 541, 495, 790, 676, 759, 88, 774, 885, 500, 926, 501, 555, 572, 798, 274, 929, 65, 940, 639, 28, 950, 948, 295, 411, 291, 877, 591, 891, 197, 243, 364, 903, 913, 546, 154, 157, 329, 328, 141, 176, 119, 220, 574, 997, 471, 340, 442, 372, 642, 522, 612, 367, 356, 979, 898, 841, 868, 355, 259, 732, 787, 617, 779, 413, 256, 652, 200, 171, 630, 748, 236, 335, 622, 160, 634, 631, 812, 221, 846, 483, 683, 974, 808, 272, 593, 520, 425, 34, 250, 175, 3, 858, 861, 959, 416, 967, 804, 188, 482, 451, 174, 306, 95, 75, 337, 136, 235, 752, 70, 41, 115, 172, 584, 781, 380, 397, 365, 440, 313, 382, 832, 320, 695, 712, 565, 692, 278, 7, 938, 873, 531, 430, 646, 40, 545, 794, 736, 623, 580, 663, 164, 247, 403, 33, 768, 771, 999, 43, 671, 754, 973, 703, 943, 96, 662, 238, 404, 305, 386, 388, 908, 300, 185, 194, 609, 16, 610, 916, 586, 649, 653, 693, 964, 138, 140, 9, 409, 912, 366, 448, 169, 105, 308, 588, 589, 529, 578, 498, 207, 848, 139, 820, 370, 696, 624, 414, 433, 614, 312, 325, 12, 636, 73, 632, 348, 341, 894, 815, 478, 134, 6, 158, 942, 25, 99, 850, 870, 567, 512, 240, 35, 724, 641, 363, 60, 984, 554, 231, 209, 882, 893, 475, 196, 183, 505, 906, 821, 904, 911, 713, 896, 19, 721, 585, 532, 338, 762, 936, 909, 810, 569, 527, 961, 15, 223, 863, 775, 935, 587, 257, 560, 931, 899, 702, 117, 31, 89, 266, 481, 855, 528, 184, 995, 643, 103, 438, 699, 496, 763, 946, 23, 859, 776, 582, 921, 981, 463, 476, 525, 126, 93, 969, 789, 461, 523, 344, 346, 339, 361, 418, 499, 450, 113, 849, 50, 1, 462, 620, 85, 84, 27, 72, 261, 58, 376, 924, 839, 342, 91, 618, 128, 205, 738, 449, 437, 286, 36, 960, 708, 556, 573, 806, 557, 292, 784, 514, 343, 47, 219, 470, 296, 180, 20, 358, 559, 889, 716, 222, 737, 704, 729, 937, 626, 654, 996, 251, 684, 719, 290, 214, 331, 581, 837, 992, 951, 760, 446, 980, 780, 740, 445, 915, 753, 862, 958, 137, 120, 287, 956, 982, 399, 900, 986, 264, 811, 191, 962, 677, 661, 384, 87, 210, 159, 246, 518, 537, 901, 801, 553, 237, 670, 253, 132, 254, 595, 513, 1001, 930, 971, 688, 707, 769, 644, 198, 519, 244, 918, 422, 301, 426, 458, 206, 86, 102, 279, 757, 734, 323, 32, 44, 114, 255, 319, 428, 393, 917, 886, 564, 42, 249, 679, 621, 665, 991, 116, 577, 431, 39, 52, 309, 14, 324, 887, 838, 701, 819, 280, 54, 192, 181, 485, 828, 637, 352, 81, 239, 153, 245, 457, 521, 888, 803, 717, 161, 666, 927, 847, 288, 994, 299, 845, 842, 660, 415, 809, 640, 336, 747, 156, 317, 248, 260, 439, 675, 547, 0, 4, 406, 429, 459, 455, 453, 548, 100, 78, 112, 2, 493, 133, 697, 149, 791, 315, 316, 26, 178, 276, 727, 21, 162, 166, 152, 303, 189, 11, 417, 173, 101, 772, 613, 785, 796, 743, 897, 844, 550, 797, 872, 129, 604, 17, 638, 24, 109, 944, 311, 362, 965, 715, 602, 167, 486, 46, 424, 56, 330, 268, 813, 957, 856, 827, 108, 633, 947, 793, 551, 571, 867, 949, 195, 179, 106, 67, 410, 990, 147, 510, 146, 853, 533, 782, 218, 864, 923, 817, 968, 144, 373, 389, 659, 953, 354, 131, 125, 583, 594, 489, 464, 13, 890, 751, 353, 987, 788, 698, 150, 851, 497, 216, 297, 281, 731, 444, 294, 970, 932, 910, 878, 51, 357, 474, 805, 285, 61, 575, 190, 321, 170, 230, 657, 369, 824, 756, 208, 225, 293, 741, 952, 375, 90, 124, 275, 825, 807, 854, 860, 420, 472, 874, 871, 544, 145, 310, 711, 619, 378, 477, 685, 401, 360, 390, 608, 773, 742, 460, 689, 517, 538, 598, 282, 552, 307, 710, 656, 359, 298, 130, 392, 405, 423, 579, 63, 998, 18, 536, 831, 212, 186, 215, 647, 484, 603, 377, 385, 48, 57, 66, 127, 680, 988, 714, 966, 730, 989, 705, 939, 494, 881, 728, 432, 273, 690, 755, 168, 765, 770, 611, 465, 226, 408, 723, 224, 121, 605, 822, 69, 314, 834, 879, 691, 843, 816, 818, 650, 869, 562, 672, 97, 491, 783, 922, 883, 706, 479, 177, 590, 412, 802, 202, 454, 443, 597, 977, 830, 396, 570, 709, 749, 674, 669, 371, 107, 76, 976, 77, 473, 778, 700, 561, 22, 135, 395, 228, 349, 758, 955, 682, 98, 242, 111, 92, 262, 467, 182, 211, 607, 434, 733, 902, 954, 919, 539, 122, 447, 104, 800, 540, 258, 645, 402, 5, 502, 82, 332, 80, 59, 963, 368, 427, 739, 667]


